2.0    24.0    0.0    24.0    74
2.0    24.0    0.0    22.0    84
0.0    24.0    0.0    20.0    68
0.0    34.0    0.0    24.0    68
2.0    16.0    0.0    16.0    52
0.0    22.0    0.0    20.0    88
0.0    12.0    0.0    20.0    77
2.0    20.0    0.0    20.0    70
2.0    16.0    0.0    18.0    59
0.0    38.0    0.0    22.0    79
2.0    34.0    0.0    22.0    65
0.0    18.0    0.0    18.0    57
2.0    20.0    0.0    18.0    65
2.0    25.999998    0.0    18.0    86
2.0    28.0    0.0    18.0    61
0.0    25.999998    0.0    16.0    62
2.0    18.0    0.0    18.0    76
0.0    24.0    0.0    16.0    74
0.0    28.0    0.0    16.0    48
0.0    24.0    0.0    18.0    68
0.0    14.0    0.0    18.0    63
2.0    20.0    0.0    18.0    103
0.0    25.999998    0.0    18.0    62
2.0    22.0    0.0    20.0    64
2.0    14.0    0.0    18.0    54
0.0    22.0    0.0    18.0    79
0.0    30.0    0.0    18.0    64
0.0    25.999998    0.0    18.0    78
0.0    12.0    0.0    18.0    74
2.0    24.0    0.0    18.0    86
0.0    22.0    0.0    24.0    69
2.0    24.0    0.0    18.0    55
0.0    14.0    0.0    18.0    69
2.0    20.0    0.0    16.0    86
0.0    24.0    0.0    18.0    70
0.0    24.0    0.0    18.0    75
2.0    18.0    0.0    18.0    67
2.0    22.0    0.0    18.0    82
0.0    24.0    0.0    18.0    106
0.0    12.0    0.0    16.0    82
2.0    20.0    0.0    16.0    83
2.0    28.0    0.0    18.0    70
2.0    28.0    0.0    16.0    70
0.0    24.0    0.0    16.0    69
0.0    24.0    0.0    18.0    79
0.0    40.0    0.0    18.0    74
0.0    22.0    0.0    18.0    66
2.0    22.0    0.0    18.0    60
2.0    24.0    0.0    16.0    74
0.0    14.0    0.0    18.0    72
