0.0    2.0    0.0    6.0    1
2.0    0.0    0.0    8.0    18
2.0    0.0    0.0    6.0    12
0.0    2.0    0.0    6.0    9
2.0    0.0    0.0    6.0    12
2.0    0.0    0.0    6.0    18
0.0    2.0    0.0    6.0    15
0.0    0.0    0.0    6.0    18
2.0    0.0    0.0    8.0    7
2.0    0.0    0.0    8.0    13
2.0    2.0    0.0    8.0    7
2.0    0.0    0.0    6.0    14
2.0    0.0    0.0    8.0    14
2.0    0.0    0.0    6.0    9
2.0    0.0    0.0    6.0    18
2.0    0.0    0.0    6.0    7
2.0    0.0    0.0    6.0    15
0.0    2.0    0.0    6.0    18
0.0    0.0    0.0    6.0    18
0.0    2.0    0.0    6.0    15
0.0    0.0    0.0    6.0    13
2.0    0.0    0.0    6.0    14
0.0    2.0    0.0    6.0    21
0.0    2.0    0.0    6.0    17
0.0    2.0    0.0    6.0    12
0.0    2.0    0.0    6.0    23
0.0    0.0    0.0    6.0    11
0.0    2.0    0.0    6.0    14
0.0    0.0    0.0    6.0    13
2.0    0.0    0.0    6.0    17
0.0    2.0    0.0    6.0    16
0.0    2.0    0.0    6.0    10
0.0    2.0    0.0    6.0    21
0.0    0.0    0.0    8.0    15
2.0    0.0    0.0    6.0    8
0.0    2.0    0.0    6.0    13
0.0    2.0    0.0    6.0    17
2.0    0.0    0.0    6.0    13
2.0    0.0    0.0    10.0    17
0.0    2.0    0.0    6.0    18
2.0    0.0    0.0    10.0    16
0.0    2.0    0.0    4.0    10
2.0    0.0    0.0    6.0    15
0.0    0.0    0.0    6.0    13
2.0    0.0    0.0    6.0    14
0.0    0.0    2.0    4.0    6
2.0    0.0    0.0    6.0    13
2.0    0.0    0.0    6.0    15
0.0    2.0    0.0    6.0    19
2.0    0.0    0.0    6.0    15
