2.0    2.0    0.0    12.0    26
2.0    4.0    0.0    10.0    32
2.0    4.0    0.0    10.0    45
0.0    4.0    0.0    12.0    28
0.0    6.0    0.0    10.0    46
2.0    4.0    0.0    12.0    49
2.0    2.0    0.0    12.0    40
0.0    6.0    0.0    10.0    39
2.0    2.0    0.0    12.0    31
0.0    6.0    0.0    12.0    43
0.0    2.0    0.0    10.0    41
0.0    4.0    0.0    10.0    27
0.0    14.0    0.0    20.0    36
0.0    6.0    0.0    16.0    51
2.0    4.0    0.0    16.0    44
2.0    6.0    0.0    16.0    42
2.0    2.0    0.0    12.0    33
0.0    4.0    0.0    10.0    39
2.0    4.0    0.0    10.0    36
2.0    12.0    0.0    18.0    30
2.0    10.0    0.0    18.0    45
2.0    4.0    0.0    16.0    25
0.0    6.0    0.0    16.0    28
0.0    4.0    0.0    10.0    45
0.0    6.0    0.0    10.0    28
0.0    4.0    0.0    10.0    37
2.0    2.0    0.0    10.0    49
0.0    6.0    0.0    16.0    32
2.0    6.0    0.0    14.0    32
0.0    6.0    0.0    16.0    37
0.0    6.0    0.0    10.0    22
0.0    4.0    0.0    10.0    47
2.0    4.0    0.0    12.0    34
0.0    4.0    0.0    10.0    37
2.0    4.0    0.0    10.0    36
0.0    6.0    0.0    12.0    29
0.0    4.0    0.0    10.0    36
0.0    6.0    0.0    10.0    33
2.0    4.0    0.0    12.0    35
2.0    4.0    0.0    12.0    25
0.0    8.0    0.0    10.0    33
0.0    4.0    0.0    12.0    28
0.0    6.0    0.0    14.0    37
0.0    8.0    0.0    12.0    35
2.0    6.0    0.0    10.0    33
0.0    4.0    0.0    10.0    34
0.0    4.0    0.0    12.0    32
0.0    6.0    0.0    10.0    44
0.0    8.0    0.0    12.0    39
0.0    4.0    0.0    10.0    39
