2.0    4.0    0.0    14.0    40
0.0    10.0    0.0    14.0    49
2.0    8.0    0.0    14.0    60
0.0    12.0    0.0    16.0    46
2.0    6.0    0.0    12.0    46
0.0    10.0    0.0    14.0    48
0.0    18.0    0.0    16.0    55
0.0    8.0    0.0    16.0    52
0.0    12.0    0.0    14.0    51
0.0    10.0    0.0    16.0    51
0.0    8.0    0.0    16.0    66
2.0    6.0    0.0    14.0    58
2.0    10.0    0.0    14.0    63
0.0    12.0    0.0    16.0    51
2.0    8.0    0.0    14.0    58
0.0    8.0    0.0    18.0    43
0.0    8.0    0.0    14.0    54
0.0    8.0    0.0    18.0    46
2.0    8.0    0.0    14.0    47
0.0    8.0    0.0    14.0    42
0.0    8.0    0.0    16.0    37
0.0    6.0    0.0    14.0    50
2.0    6.0    0.0    14.0    42
0.0    10.0    0.0    16.0    39
2.0    6.0    0.0    14.0    47
0.0    8.0    0.0    24.0    53
2.0    12.0    0.0    24.0    63
2.0    8.0    0.0    14.0    54
2.0    10.0    0.0    14.0    36
2.0    10.0    0.0    14.0    50
0.0    8.0    0.0    16.0    59
2.0    8.0    0.0    14.0    48
0.0    8.0    0.0    14.0    47
0.0    14.0    0.0    16.0    58
2.0    6.0    0.0    12.0    42
0.0    8.0    0.0    14.0    46
0.0    8.0    0.0    14.0    43
2.0    8.0    0.0    14.0    50
0.0    8.0    0.0    14.0    48
0.0    12.0    0.0    16.0    52
0.0    8.0    0.0    16.0    57
0.0    8.0    0.0    14.0    47
2.0    18.0    0.0    20.0    50
2.0    6.0    0.0    14.0    48
2.0    6.0    0.0    14.0    53
0.0    8.0    0.0    16.0    52
2.0    8.0    0.0    14.0    62
2.0    10.0    0.0    12.0    45
0.0    12.0    0.0    18.0    66
2.0    10.0    0.0    18.0    42
