2.0    0.0    0.0    10.0    5
2.0    4.0    0.0    8.0    28
0.0    2.0    0.0    8.0    21
2.0    2.0    0.0    8.0    18
2.0    2.0    0.0    8.0    19
2.0    0.0    0.0    10.0    34
2.0    2.0    0.0    8.0    20
0.0    2.0    0.0    8.0    23
0.0    2.0    0.0    8.0    16
0.0    2.0    0.0    8.0    15
0.0    2.0    0.0    8.0    21
2.0    2.0    0.0    8.0    23
2.0    0.0    0.0    10.0    32
0.0    20.0    0.0    8.0    24
2.0    0.0    0.0    8.0    25
2.0    2.0    0.0    8.0    26
2.0    0.0    0.0    8.0    17
2.0    0.0    0.0    8.0    29
0.0    2.0    0.0    8.0    32
2.0    0.0    0.0    8.0    24
2.0    0.0    0.0    10.0    22
0.0    2.0    0.0    8.0    23
2.0    0.0    0.0    8.0    19
0.0    2.0    0.0    8.0    20
0.0    2.0    0.0    8.0    21
0.0    0.0    0.0    8.0    20
2.0    0.0    0.0    10.0    23
2.0    0.0    0.0    8.0    20
0.0    2.0    0.0    8.0    28
0.0    6.0    0.0    8.0    30
0.0    2.0    0.0    6.0    28
0.0    4.0    0.0    12.0    18
0.0    2.0    0.0    6.0    19
2.0    0.0    0.0    8.0    25
2.0    2.0    0.0    14.0    16
2.0    0.0    0.0    8.0    33
2.0    0.0    0.0    8.0    24
0.0    2.0    0.0    8.0    19
2.0    0.0    0.0    8.0    24
2.0    0.0    0.0    10.0    12
0.0    2.0    0.0    8.0    15
0.0    2.0    0.0    8.0    23
2.0    2.0    0.0    8.0    14
2.0    2.0    0.0    10.0    18
2.0    0.0    0.0    8.0    19
0.0    2.0    0.0    6.0    22
0.0    2.0    0.0    8.0    25
0.0    2.0    0.0    8.0    24
0.0    2.0    0.0    8.0    29
0.0    2.0    0.0    8.0    22
