2.0    0.0    0.0    6.0    0
2.0    0.0    0.0    6.0    14
2.0    0.0    0.0    6.0    13
0.0    2.0    0.0    4.0    9
0.0    0.0    0.0    8.0    10
0.0    0.0    0.0    6.0    4
2.0    0.0    0.0    4.0    13
0.0    2.0    0.0    4.0    8
0.0    0.0    0.0    6.0    15
2.0    0.0    0.0    4.0    9
0.0    0.0    0.0    4.0    7
0.0    0.0    0.0    6.0    5
2.0    0.0    0.0    4.0    6
2.0    0.0    0.0    4.0    8
0.0    2.0    0.0    4.0    10
2.0    0.0    0.0    4.0    5
2.0    0.0    0.0    4.0    8
2.0    0.0    0.0    4.0    6
0.0    0.0    0.0    6.0    7
2.0    0.0    0.0    4.0    7
0.0    0.0    0.0    4.0    6
0.0    0.0    0.0    6.0    8
2.0    0.0    0.0    4.0    13
0.0    0.0    0.0    4.0    7
2.0    0.0    0.0    4.0    8
2.0    0.0    0.0    4.0    5
0.0    0.0    0.0    6.0    10
0.0    2.0    0.0    4.0    7
0.0    0.0    0.0    6.0    9
0.0    2.0    0.0    4.0    12
2.0    0.0    0.0    4.0    6
0.0    0.0    0.0    6.0    8
0.0    0.0    0.0    4.0    8
2.0    0.0    0.0    4.0    7
2.0    0.0    0.0    4.0    9
0.0    0.0    0.0    8.0    8
0.0    0.0    0.0    4.0    4
0.0    2.0    0.0    6.0    10
0.0    0.0    0.0    6.0    12
2.0    0.0    0.0    4.0    9
0.0    0.0    0.0    6.0    10
2.0    0.0    0.0    4.0    8
2.0    0.0    0.0    4.0    2
0.0    2.0    0.0    4.0    5
0.0    0.0    0.0    6.0    7
0.0    0.0    0.0    6.0    5
2.0    0.0    0.0    4.0    11
0.0    0.0    0.0    4.0    5
2.0    0.0    0.0    6.0    7
0.0    2.0    0.0    4.0    3
